40011679
40050649
40575744
41198499
41505925
41587731
41710927
41738489
41741621
41964890
42062761
42114766
42154969
42196385
42498768
42578130
43353209
43488676
43517733
43563972
43706385
43935056
43960827
44031437
44308861
44399561
44528200
44625539
44844600
44878696
44912628
44968152
45001578
45090186
45097997
45121214
45219707
45299253
45394039
45481657
45497277
45562082
45759694
45952624
45959975
46061995
46175496
46467517
46551760
47013299
47056244
47100973
47160332
47361932
47367002
47367196
47469745
47691221
47751599
47911405
48012956
48143824
48238006
48356150
48389896
48751628
48951528
49009669
49112669
49233553
49567933
49663608
49766651
