40055720
40223680
40231861
40250219
40278013
40514550
40654796
40674784
40697968
40722227
40816845
40943536
40999614
41157389
41327442
41435542
41493585
41501206
41682193
41765388
41787611
41817337
41932628
41947363
42010108
42031447
42054796
42153294
42165439
42195453
42537953
42540649
42689198
42743626
42779246
42970720
43056063
43148859
43187171
43221011
43261603
43409426
43457942
43498884
43538023
43607170
43721125
44119640
44344591
44415871
44428165
44692622
44872449
44969802
45094305
45175667
45326316
45372415
45394503
45497680
45700088
45863591
45929397
46006431
46035073
46128470
46492961
46830831
46851489
46974036
47033505
47407178
47420162
47436825
47479458
47543036
47835983
47898504
48190454
48341124
48370463
48374376
48673293
48777779
48826601
48892129
48929046
49125444
49251554
49255197
49285951
49366686
49391818
49718505
49744735
49806506
49820617
49929166
49933453
49943606
