40186540
40274043
40284870
40289856
40296383
40304292
40428745
40617471
40657352
40663261
40744155
40883877
41063109
41248018
41314249
41332273
41389482
41454501
41520668
41546727
41783426
41852221
41852658
41879147
42209556
42276425
42369155
42457608
42481828
42515993
42562860
42610703
42674395
42757899
42932279
43038994
43040854
43075647
43119369
43258329
43262837
43298849
43331298
43349577
43435141
43484204
43502338
43565910
43591581
43723802
43817058
43874771
44020214
44029663
44145141
44151045
44151407
44154327
44206632
44271616
44285884
44315787
44337406
44463900
44472532
44487123
44495304
44616786
44691147
44788932
44845691
45159541
45279266
45289654
45382758
45466003
45523834
45618723
45853988
46094745
46122755
46143906
46163098
46200625
46216126
46238792
46242577
46267805
46301571
46332118
46337332
46357196
46370246
46370885
46380400
46391800
46526855
46533403
46587169
46618931
46740465
46848441
46892337
46933402
47072757
47193178
47206892
47251632
47267167
47328513
47350368
47405028
47521342
47536663
47584751
47609409
47729509
47731872
48037834
48096970
48263996
48265109
48293255
48439089
48496738
48552314
48590937
48641786
48741754
48781301
48822353
48831303
48905855
48916319
48973662
49169699
49193579
49220662
49243803
49376502
49377765
49407572
49610582
49654885
49725657
49817785
49904092
49938380
49938411
49947075
