40200868
40331724
40385731
40511221
40592246
40857401
40872106
40880299
41035450
41222063
41226234
41340186
41435226
41466642
41551517
41586532
41637490
41646678
41773010
41865001
41985477
42073785
42117426
42382188
42402567
42694475
42989048
43019473
43090553
43157710
43206874
43313636
43338703
43434844
43574621
43577279
43578018
43728957
43743943
43877788
43938066
43972551
44030776
44059841
44175633
44241851
44246234
44626751
44632340
44741007
44946957
45083320
45183245
45209377
45256645
45341695
45451719
45669926
45697771
45773129
46020390
46078285
46190039
46390709
46409363
46559777
46665713
46829370
46865465
46878498
47185074
47234384
47283035
47313095
47437413
47557870
47589416
47685015
47736652
47844025
47979708
48101262
48130453
48195319
48252913
48310436
48372659
48396007
48479140
48510020
48571736
48815071
49143609
49156779
49182912
49189529
49586418
49610445
49661306
49955763
